/*--------------------------------*- C++ -*----------------------------------*\
| =========                 |                                                 |
| \\      /  F ield         | OpenFOAM: The Open Source CFD Toolbox           |
|  \\    /   O peration     | Version:  5.x                                   |
|   \\  /    A nd           | Web:      www.OpenFOAM.org                      |
|    \\/     M anipulation  |                                                 |
\*---------------------------------------------------------------------------*/
FoamFile
{
    version     2.0;
    format      ascii;
    class       labelList;
    note        "nPoints: 6216 nCells: 5040 nFaces: 16232 nInternalFaces: 14008";
    location    "constant/polyMesh";
    object      neighbour;
}
// * * * * * * * * * * * * * * * * * * * * * * * * * * * * * * * * * * * * * //


14008
(
1
36
720
2
37
721
3
38
722
4
39
723
5
40
724
6
41
725
7
42
726
8
43
727
9
44
728
10
45
729
11
46
730
12
47
731
13
48
732
14
49
733
15
50
734
16
51
735
17
52
736
18
53
737
19
54
738
20
55
739
21
56
740
22
57
741
23
58
742
24
59
743
25
60
744
26
61
745
27
62
746
28
63
747
29
64
748
30
65
749
31
66
750
32
67
751
33
68
752
34
69
753
35
70
754
71
755
37
72
756
38
73
757
39
74
758
40
75
759
41
76
760
42
77
761
43
78
762
44
79
763
45
80
764
46
81
765
47
82
766
48
83
767
49
84
768
50
85
769
51
86
770
52
87
771
53
88
772
54
89
773
55
90
774
56
91
775
57
92
776
58
93
777
59
94
778
60
95
779
61
96
780
62
97
781
63
98
782
64
99
783
65
100
784
66
101
785
67
102
786
68
103
787
69
104
788
70
105
789
71
106
790
107
791
73
108
792
74
109
793
75
110
794
76
111
795
77
112
796
78
113
797
79
114
798
80
115
799
81
116
800
82
117
801
83
118
802
84
119
803
85
120
804
86
121
805
87
122
806
88
123
807
89
124
808
90
125
809
91
126
810
92
127
811
93
128
812
94
129
813
95
130
814
96
131
815
97
132
816
98
133
817
99
134
818
100
135
819
101
136
820
102
137
821
103
138
822
104
139
823
105
140
824
106
141
825
107
142
826
143
827
109
144
828
110
145
829
111
146
830
112
147
831
113
148
832
114
149
833
115
150
834
116
151
835
117
152
836
118
153
837
119
154
838
120
155
839
121
156
840
122
157
841
123
158
842
124
159
843
125
160
844
126
161
845
127
162
846
128
163
847
129
164
848
130
165
849
131
166
850
132
167
851
133
168
852
134
169
853
135
170
854
136
171
855
137
172
856
138
173
857
139
174
858
140
175
859
141
176
860
142
177
861
143
178
862
179
863
145
180
864
146
181
865
147
182
866
148
183
867
149
184
868
150
185
869
151
186
870
152
187
871
153
188
872
154
189
873
155
190
874
156
191
875
157
192
876
158
193
877
159
194
878
160
195
879
161
196
880
162
197
881
163
198
882
164
199
883
165
200
884
166
201
885
167
202
886
168
203
887
169
204
888
170
205
889
171
206
890
172
207
891
173
208
892
174
209
893
175
210
894
176
211
895
177
212
896
178
213
897
179
214
898
215
899
181
216
900
182
217
901
183
218
902
184
219
903
185
220
904
186
221
905
187
222
906
188
223
907
189
224
908
190
225
909
191
226
910
192
227
911
193
228
912
194
229
913
195
230
914
196
231
915
197
232
916
198
233
917
199
234
918
200
235
919
201
236
920
202
237
921
203
238
922
204
239
923
205
240
924
206
241
925
207
242
926
208
243
927
209
244
928
210
245
929
211
246
930
212
247
931
213
248
932
214
249
933
215
250
934
251
935
217
252
936
218
253
937
219
254
938
220
255
939
221
256
940
222
257
941
223
258
942
224
259
943
225
260
944
226
261
945
227
262
946
228
263
947
229
264
948
230
265
949
231
266
950
232
267
951
233
268
952
234
269
953
235
270
954
236
271
955
237
272
956
238
273
957
239
274
958
240
275
959
241
276
960
242
277
961
243
278
962
244
279
963
245
280
964
246
281
965
247
282
966
248
283
967
249
284
968
250
285
969
251
286
970
287
971
253
288
972
254
289
973
255
290
974
256
291
975
257
292
976
258
293
977
259
294
978
260
295
979
261
296
980
262
297
981
263
298
982
264
299
983
265
300
984
266
301
985
267
302
986
268
303
987
269
304
988
270
305
989
271
306
990
272
307
991
273
308
992
274
309
993
275
310
994
276
311
995
277
312
996
278
313
997
279
314
998
280
315
999
281
316
1000
282
317
1001
283
318
1002
284
319
1003
285
320
1004
286
321
1005
287
322
1006
323
1007
289
324
1008
290
325
1009
291
326
1010
292
327
1011
293
328
1012
294
329
1013
295
330
1014
296
331
1015
297
332
1016
298
333
1017
299
334
1018
300
335
1019
301
336
1020
302
337
1021
303
338
1022
304
339
1023
305
340
1024
306
341
1025
307
342
1026
308
343
1027
309
344
1028
310
345
1029
311
346
1030
312
347
1031
313
348
1032
314
349
1033
315
350
1034
316
351
1035
317
352
1036
318
353
1037
319
354
1038
320
355
1039
321
356
1040
322
357
1041
323
358
1042
359
1043
325
360
1044
326
361
1045
327
362
1046
328
363
1047
329
364
1048
330
365
1049
331
366
1050
332
367
1051
333
368
1052
334
369
1053
335
370
1054
336
371
1055
337
372
1056
338
373
1057
339
374
1058
340
375
1059
341
376
1060
342
377
1061
343
378
1062
344
379
1063
345
380
1064
346
381
1065
347
382
1066
348
383
1067
349
384
1068
350
385
1069
351
386
1070
352
387
1071
353
388
1072
354
389
1073
355
390
1074
356
391
1075
357
392
1076
358
393
1077
359
394
1078
395
1079
361
396
1080
362
397
1081
363
398
1082
364
399
1083
365
400
1084
366
401
1085
367
402
1086
368
403
1087
369
404
1088
370
405
1089
371
406
1090
372
407
1091
373
408
1092
374
409
1093
375
410
1094
376
411
1095
377
412
1096
378
413
1097
379
414
1098
380
415
1099
381
416
1100
382
417
1101
383
418
1102
384
419
1103
385
420
1104
386
421
1105
387
422
1106
388
423
1107
389
424
1108
390
425
1109
391
426
1110
392
427
1111
393
428
1112
394
429
1113
395
430
1114
431
1115
397
432
1116
398
433
1117
399
434
1118
400
435
1119
401
436
1120
402
437
1121
403
438
1122
404
439
1123
405
440
1124
406
441
1125
407
442
1126
408
443
1127
409
444
1128
410
445
1129
411
446
1130
412
447
1131
413
448
1132
414
449
1133
415
450
1134
416
451
1135
417
452
1136
418
453
1137
419
454
1138
420
455
1139
421
456
1140
422
457
1141
423
458
1142
424
459
1143
425
460
1144
426
461
1145
427
462
1146
428
463
1147
429
464
1148
430
465
1149
431
466
1150
467
1151
433
468
1152
434
469
1153
435
470
1154
436
471
1155
437
472
1156
438
473
1157
439
474
1158
440
475
1159
441
476
1160
442
477
1161
443
478
1162
444
479
1163
445
480
1164
446
481
1165
447
482
1166
448
483
1167
449
484
1168
450
485
1169
451
486
1170
452
487
1171
453
488
1172
454
489
1173
455
490
1174
456
491
1175
457
492
1176
458
493
1177
459
494
1178
460
495
1179
461
496
1180
462
497
1181
463
498
1182
464
499
1183
465
500
1184
466
501
1185
467
502
1186
503
1187
469
504
1188
470
505
1189
471
506
1190
472
507
1191
473
508
1192
474
509
1193
475
510
1194
476
511
1195
477
512
1196
478
513
1197
479
514
1198
480
515
1199
481
516
1200
482
517
1201
483
518
1202
484
519
1203
485
520
1204
486
521
1205
487
522
1206
488
523
1207
489
524
1208
490
525
1209
491
526
1210
492
527
1211
493
528
1212
494
529
1213
495
530
1214
496
531
1215
497
532
1216
498
533
1217
499
534
1218
500
535
1219
501
536
1220
502
537
1221
503
538
1222
539
1223
505
540
1224
506
541
1225
507
542
1226
508
543
1227
509
544
1228
510
545
1229
511
546
1230
512
547
1231
513
548
1232
514
549
1233
515
550
1234
516
551
1235
517
552
1236
518
553
1237
519
554
1238
520
555
1239
521
556
1240
522
557
1241
523
558
1242
524
559
1243
525
560
1244
526
561
1245
527
562
1246
528
563
1247
529
564
1248
530
565
1249
531
566
1250
532
567
1251
533
568
1252
534
569
1253
535
570
1254
536
571
1255
537
572
1256
538
573
1257
539
574
1258
575
1259
541
576
1260
542
577
1261
543
578
1262
544
579
1263
545
580
1264
546
581
1265
547
582
1266
548
583
1267
549
584
1268
550
585
1269
551
586
1270
552
587
1271
553
588
1272
554
589
1273
555
590
1274
556
591
1275
557
592
1276
558
593
1277
559
594
1278
560
595
1279
561
596
1280
562
597
1281
563
598
1282
564
599
1283
565
600
1284
566
601
1285
567
602
1286
568
603
1287
569
604
1288
570
605
1289
571
606
1290
572
607
1291
573
608
1292
574
609
1293
575
610
1294
611
1295
577
612
1296
578
613
1297
579
614
1298
580
615
1299
581
616
1300
582
617
1301
583
618
1302
584
619
1303
585
620
1304
586
621
1305
587
622
1306
588
623
1307
589
624
1308
590
625
1309
591
626
1310
592
627
1311
593
628
1312
594
629
1313
595
630
1314
596
631
1315
597
632
1316
598
633
1317
599
634
1318
600
635
1319
601
636
1320
602
637
1321
603
638
1322
604
639
1323
605
640
1324
606
641
1325
607
642
1326
608
643
1327
609
644
1328
610
645
1329
611
646
1330
647
1331
613
648
1332
614
649
1333
615
650
1334
616
651
1335
617
652
1336
618
653
1337
619
654
1338
620
655
1339
621
656
1340
622
657
1341
623
658
1342
624
659
1343
625
660
1344
626
661
1345
627
662
1346
628
663
1347
629
664
1348
630
665
1349
631
666
1350
632
667
1351
633
668
1352
634
669
1353
635
670
1354
636
671
1355
637
672
1356
638
673
1357
639
674
1358
640
675
1359
641
676
1360
642
677
1361
643
678
1362
644
679
1363
645
680
1364
646
681
1365
647
682
1366
683
1367
649
684
1368
650
685
1369
651
686
1370
652
687
1371
653
688
1372
654
689
1373
655
690
1374
656
691
1375
657
692
1376
658
693
1377
659
694
1378
660
695
1379
661
696
1380
662
697
1381
663
698
1382
664
699
1383
665
700
1384
666
701
1385
667
702
1386
668
703
1387
669
704
1388
670
705
1389
671
706
1390
672
707
1391
673
708
1392
674
709
1393
675
710
1394
676
711
1395
677
712
1396
678
713
1397
679
714
1398
680
715
1399
681
716
1400
682
717
1401
683
718
1402
719
1403
685
1404
686
1405
687
1406
688
1407
689
1408
690
1409
691
1410
692
1411
693
1412
694
1413
695
1414
696
1415
697
1416
698
1417
699
1418
700
1419
701
1420
702
1421
703
1422
704
1423
705
1424
706
1425
707
1426
708
1427
709
1428
710
1429
711
1430
712
1431
713
1432
714
1433
715
1434
716
1435
717
1436
718
1437
719
1438
1439
721
756
1440
722
757
1441
723
758
1442
724
759
1443
725
760
1444
726
761
1445
727
762
1446
728
763
1447
729
764
1448
730
765
1449
731
766
1450
732
767
1451
733
768
1452
734
769
1453
735
770
1454
736
771
1455
737
772
1456
738
773
1457
739
774
1458
740
775
1459
741
776
1460
742
777
1461
743
778
1462
744
779
1463
745
780
1464
746
781
1465
747
782
1466
748
783
1467
749
784
1468
750
785
1469
751
786
1470
752
787
1471
753
788
1472
754
789
1473
755
790
1474
791
1475
757
792
1476
758
793
1477
759
794
1478
760
795
1479
761
796
1480
762
797
1481
763
798
1482
764
799
1483
765
800
1484
766
801
1485
767
802
1486
768
803
1487
769
804
1488
770
805
1489
771
806
1490
772
807
1491
773
808
1492
774
809
1493
775
810
1494
776
811
1495
777
812
1496
778
813
1497
779
814
1498
780
815
1499
781
816
1500
782
817
1501
783
818
1502
784
819
1503
785
820
1504
786
821
1505
787
822
1506
788
823
1507
789
824
1508
790
825
1509
791
826
1510
827
1511
793
828
1512
794
829
1513
795
830
1514
796
831
1515
797
832
1516
798
833
1517
799
834
1518
800
835
1519
801
836
1520
802
837
1521
803
838
1522
804
839
1523
805
840
1524
806
841
1525
807
842
1526
808
843
1527
809
844
1528
810
845
1529
811
846
1530
812
847
1531
813
848
1532
814
849
1533
815
850
1534
816
851
1535
817
852
1536
818
853
1537
819
854
1538
820
855
1539
821
856
1540
822
857
1541
823
858
1542
824
859
1543
825
860
1544
826
861
1545
827
862
1546
863
1547
829
864
1548
830
865
1549
831
866
1550
832
867
1551
833
868
1552
834
869
1553
835
870
1554
836
871
1555
837
872
1556
838
873
1557
839
874
1558
840
875
1559
841
876
1560
842
877
1561
843
878
1562
844
879
1563
845
880
1564
846
881
1565
847
882
1566
848
883
1567
849
884
1568
850
885
1569
851
886
1570
852
887
1571
853
888
1572
854
889
1573
855
890
1574
856
891
1575
857
892
1576
858
893
1577
859
894
1578
860
895
1579
861
896
1580
862
897
1581
863
898
1582
899
1583
865
900
1584
866
901
1585
867
902
1586
868
903
1587
869
904
1588
870
905
1589
871
906
1590
872
907
1591
873
908
1592
874
909
1593
875
910
1594
876
911
1595
877
912
1596
878
913
1597
879
914
1598
880
915
1599
881
916
1600
882
917
1601
883
918
1602
884
919
1603
885
920
1604
886
921
1605
887
922
1606
888
923
1607
889
924
1608
890
925
1609
891
926
1610
892
927
1611
893
928
1612
894
929
1613
895
930
1614
896
931
1615
897
932
1616
898
933
1617
899
934
1618
935
1619
901
936
1620
902
937
1621
903
938
1622
904
939
1623
905
940
1624
906
941
1625
907
942
1626
908
943
1627
909
944
1628
910
945
1629
911
946
1630
912
947
1631
913
948
1632
914
949
1633
915
950
1634
916
951
1635
917
952
1636
918
953
1637
919
954
1638
920
955
1639
921
956
1640
922
957
1641
923
958
1642
924
959
1643
925
960
1644
926
961
1645
927
962
1646
928
963
1647
929
964
1648
930
965
1649
931
966
1650
932
967
1651
933
968
1652
934
969
1653
935
970
1654
971
1655
937
972
1656
938
973
1657
939
974
1658
940
975
1659
941
976
1660
942
977
1661
943
978
1662
944
979
1663
945
980
1664
946
981
1665
947
982
1666
948
983
1667
949
984
1668
950
985
1669
951
986
1670
952
987
1671
953
988
1672
954
989
1673
955
990
1674
956
991
1675
957
992
1676
958
993
1677
959
994
1678
960
995
1679
961
996
1680
962
997
1681
963
998
1682
964
999
1683
965
1000
1684
966
1001
1685
967
1002
1686
968
1003
1687
969
1004
1688
970
1005
1689
971
1006
1690
1007
1691
973
1008
1692
974
1009
1693
975
1010
1694
976
1011
1695
977
1012
1696
978
1013
1697
979
1014
1698
980
1015
1699
981
1016
1700
982
1017
1701
983
1018
1702
984
1019
1703
985
1020
1704
986
1021
1705
987
1022
1706
988
1023
1707
989
1024
1708
990
1025
1709
991
1026
1710
992
1027
1711
993
1028
1712
994
1029
1713
995
1030
1714
996
1031
1715
997
1032
1716
998
1033
1717
999
1034
1718
1000
1035
1719
1001
1036
1720
1002
1037
1721
1003
1038
1722
1004
1039
1723
1005
1040
1724
1006
1041
1725
1007
1042
1726
1043
1727
1009
1044
1728
1010
1045
1729
1011
1046
1730
1012
1047
1731
1013
1048
1732
1014
1049
1733
1015
1050
1734
1016
1051
1735
1017
1052
1736
1018
1053
1737
1019
1054
1738
1020
1055
1739
1021
1056
1740
1022
1057
1741
1023
1058
1742
1024
1059
1743
1025
1060
1744
1026
1061
1745
1027
1062
1746
1028
1063
1747
1029
1064
1748
1030
1065
1749
1031
1066
1750
1032
1067
1751
1033
1068
1752
1034
1069
1753
1035
1070
1754
1036
1071
1755
1037
1072
1756
1038
1073
1757
1039
1074
1758
1040
1075
1759
1041
1076
1760
1042
1077
1761
1043
1078
1762
1079
1763
1045
1080
1764
1046
1081
1765
1047
1082
1766
1048
1083
1767
1049
1084
1768
1050
1085
1769
1051
1086
1770
1052
1087
1771
1053
1088
1772
1054
1089
1773
1055
1090
1774
1056
1091
1775
1057
1092
1776
1058
1093
1777
1059
1094
1778
1060
1095
1779
1061
1096
1780
1062
1097
1781
1063
1098
1782
1064
1099
1783
1065
1100
1784
1066
1101
1785
1067
1102
1786
1068
1103
1787
1069
1104
1788
1070
1105
1789
1071
1106
1790
1072
1107
1791
1073
1108
1792
1074
1109
1793
1075
1110
1794
1076
1111
1795
1077
1112
1796
1078
1113
1797
1079
1114
1798
1115
1799
1081
1116
1800
1082
1117
1801
1083
1118
1802
1084
1119
1803
1085
1120
1804
1086
1121
1805
1087
1122
1806
1088
1123
1807
1089
1124
1808
1090
1125
1809
1091
1126
1810
1092
1127
1811
1093
1128
1812
1094
1129
1813
1095
1130
1814
1096
1131
1815
1097
1132
1816
1098
1133
1817
1099
1134
1818
1100
1135
1819
1101
1136
1820
1102
1137
1821
1103
1138
1822
1104
1139
1823
1105
1140
1824
1106
1141
1825
1107
1142
1826
1108
1143
1827
1109
1144
1828
1110
1145
1829
1111
1146
1830
1112
1147
1831
1113
1148
1832
1114
1149
1833
1115
1150
1834
1151
1835
1117
1152
1836
1118
1153
1837
1119
1154
1838
1120
1155
1839
1121
1156
1840
1122
1157
1841
1123
1158
1842
1124
1159
1843
1125
1160
1844
1126
1161
1845
1127
1162
1846
1128
1163
1847
1129
1164
1848
1130
1165
1849
1131
1166
1850
1132
1167
1851
1133
1168
1852
1134
1169
1853
1135
1170
1854
1136
1171
1855
1137
1172
1856
1138
1173
1857
1139
1174
1858
1140
1175
1859
1141
1176
1860
1142
1177
1861
1143
1178
1862
1144
1179
1863
1145
1180
1864
1146
1181
1865
1147
1182
1866
1148
1183
1867
1149
1184
1868
1150
1185
1869
1151
1186
1870
1187
1871
1153
1188
1872
1154
1189
1873
1155
1190
1874
1156
1191
1875
1157
1192
1876
1158
1193
1877
1159
1194
1878
1160
1195
1879
1161
1196
1880
1162
1197
1881
1163
1198
1882
1164
1199
1883
1165
1200
1884
1166
1201
1885
1167
1202
1886
1168
1203
1887
1169
1204
1888
1170
1205
1889
1171
1206
1890
1172
1207
1891
1173
1208
1892
1174
1209
1893
1175
1210
1894
1176
1211
1895
1177
1212
1896
1178
1213
1897
1179
1214
1898
1180
1215
1899
1181
1216
1900
1182
1217
1901
1183
1218
1902
1184
1219
1903
1185
1220
1904
1186
1221
1905
1187
1222
1906
1223
1907
1189
1224
1908
1190
1225
1909
1191
1226
1910
1192
1227
1911
1193
1228
1912
1194
1229
1913
1195
1230
1914
1196
1231
1915
1197
1232
1916
1198
1233
1917
1199
1234
1918
1200
1235
1919
1201
1236
1920
1202
1237
1921
1203
1238
1922
1204
1239
1923
1205
1240
1924
1206
1241
1925
1207
1242
1926
1208
1243
1927
1209
1244
1928
1210
1245
1929
1211
1246
1930
1212
1247
1931
1213
1248
1932
1214
1249
1933
1215
1250
1934
1216
1251
1935
1217
1252
1936
1218
1253
1937
1219
1254
1938
1220
1255
1939
1221
1256
1940
1222
1257
1941
1223
1258
1942
1259
1943
1225
1260
1944
1226
1261
1945
1227
1262
1946
1228
1263
1947
1229
1264
1948
1230
1265
1949
1231
1266
1950
1232
1267
1951
1233
1268
1952
1234
1269
1953
1235
1270
1954
1236
1271
1955
1237
1272
1956
1238
1273
1957
1239
1274
1958
1240
1275
1959
1241
1276
1960
1242
1277
1961
1243
1278
1962
1244
1279
1963
1245
1280
1964
1246
1281
1965
1247
1282
1966
1248
1283
1967
1249
1284
1968
1250
1285
1969
1251
1286
1970
1252
1287
1971
1253
1288
1972
1254
1289
1973
1255
1290
1974
1256
1291
1975
1257
1292
1976
1258
1293
1977
1259
1294
1978
1295
1979
1261
1296
1980
1262
1297
1981
1263
1298
1982
1264
1299
1983
1265
1300
1984
1266
1301
1985
1267
1302
1986
1268
1303
1987
1269
1304
1988
1270
1305
1989
1271
1306
1990
1272
1307
1991
1273
1308
1992
1274
1309
1993
1275
1310
1994
1276
1311
1995
1277
1312
1996
1278
1313
1997
1279
1314
1998
1280
1315
1999
1281
1316
2000
1282
1317
2001
1283
1318
2002
1284
1319
2003
1285
1320
2004
1286
1321
2005
1287
1322
2006
1288
1323
2007
1289
1324
2008
1290
1325
2009
1291
1326
2010
1292
1327
2011
1293
1328
2012
1294
1329
2013
1295
1330
2014
1331
2015
1297
1332
2016
1298
1333
2017
1299
1334
2018
1300
1335
2019
1301
1336
2020
1302
1337
2021
1303
1338
2022
1304
1339
2023
1305
1340
2024
1306
1341
2025
1307
1342
2026
1308
1343
2027
1309
1344
2028
1310
1345
2029
1311
1346
2030
1312
1347
2031
1313
1348
2032
1314
1349
2033
1315
1350
2034
1316
1351
2035
1317
1352
2036
1318
1353
2037
1319
1354
2038
1320
1355
2039
1321
1356
2040
1322
1357
2041
1323
1358
2042
1324
1359
2043
1325
1360
2044
1326
1361
2045
1327
1362
2046
1328
1363
2047
1329
1364
2048
1330
1365
2049
1331
1366
2050
1367
2051
1333
1368
2052
1334
1369
2053
1335
1370
2054
1336
1371
2055
1337
1372
2056
1338
1373
2057
1339
1374
2058
1340
1375
2059
1341
1376
2060
1342
1377
2061
1343
1378
2062
1344
1379
2063
1345
1380
2064
1346
1381
2065
1347
1382
2066
1348
1383
2067
1349
1384
2068
1350
1385
2069
1351
1386
2070
1352
1387
2071
1353
1388
2072
1354
1389
2073
1355
1390
2074
1356
1391
2075
1357
1392
2076
1358
1393
2077
1359
1394
2078
1360
1395
2079
1361
1396
2080
1362
1397
2081
1363
1398
2082
1364
1399
2083
1365
1400
2084
1366
1401
2085
1367
1402
2086
1403
2087
1369
1404
2088
1370
1405
2089
1371
1406
2090
1372
1407
2091
1373
1408
2092
1374
1409
2093
1375
1410
2094
1376
1411
2095
1377
1412
2096
1378
1413
2097
1379
1414
2098
1380
1415
2099
1381
1416
2100
1382
1417
2101
1383
1418
2102
1384
1419
2103
1385
1420
2104
1386
1421
2105
1387
1422
2106
1388
1423
2107
1389
1424
2108
1390
1425
2109
1391
1426
2110
1392
1427
2111
1393
1428
2112
1394
1429
2113
1395
1430
2114
1396
1431
2115
1397
1432
2116
1398
1433
2117
1399
1434
2118
1400
1435
2119
1401
1436
2120
1402
1437
2121
1403
1438
2122
1439
2123
1405
2124
1406
2125
1407
2126
1408
2127
1409
2128
1410
2129
1411
2130
1412
2131
1413
2132
1414
2133
1415
2134
1416
2135
1417
2136
1418
2137
1419
2138
1420
2139
1421
2140
1422
2141
1423
2142
1424
2143
1425
2144
1426
2145
1427
2146
1428
2147
1429
2148
1430
2149
1431
2150
1432
2151
1433
2152
1434
2153
1435
2154
1436
2155
1437
2156
1438
2157
1439
2158
2159
1441
1476
2160
1442
1477
2161
1443
1478
2162
1444
1479
2163
1445
1480
2164
1446
1481
2165
1447
1482
2166
1448
1483
2167
1449
1484
2168
1450
1485
2169
1451
1486
2170
1452
1487
2171
1453
1488
2172
1454
1489
2173
1455
1490
2174
1456
1491
2175
1457
1492
2176
1458
1493
2177
1459
1494
2178
1460
1495
2179
1461
1496
2180
1462
1497
2181
1463
1498
2182
1464
1499
2183
1465
1500
2184
1466
1501
2185
1467
1502
2186
1468
1503
2187
1469
1504
2188
1470
1505
2189
1471
1506
2190
1472
1507
2191
1473
1508
2192
1474
1509
2193
1475
1510
2194
1511
2195
1477
1512
2196
1478
1513
2197
1479
1514
2198
1480
1515
2199
1481
1516
2200
1482
1517
2201
1483
1518
2202
1484
1519
2203
1485
1520
2204
1486
1521
2205
1487
1522
2206
1488
1523
2207
1489
1524
2208
1490
1525
2209
1491
1526
2210
1492
1527
2211
1493
1528
2212
1494
1529
2213
1495
1530
2214
1496
1531
2215
1497
1532
2216
1498
1533
2217
1499
1534
2218
1500
1535
2219
1501
1536
2220
1502
1537
2221
1503
1538
2222
1504
1539
2223
1505
1540
2224
1506
1541
2225
1507
1542
2226
1508
1543
2227
1509
1544
2228
1510
1545
2229
1511
1546
2230
1547
2231
1513
1548
2232
1514
1549
2233
1515
1550
2234
1516
1551
2235
1517
1552
2236
1518
1553
2237
1519
1554
2238
1520
1555
2239
1521
1556
2240
1522
1557
2241
1523
1558
2242
1524
1559
2243
1525
1560
2244
1526
1561
2245
1527
1562
2246
1528
1563
2247
1529
1564
2248
1530
1565
2249
1531
1566
2250
1532
1567
2251
1533
1568
2252
1534
1569
2253
1535
1570
2254
1536
1571
2255
1537
1572
2256
1538
1573
2257
1539
1574
2258
1540
1575
2259
1541
1576
2260
1542
1577
2261
1543
1578
2262
1544
1579
2263
1545
1580
2264
1546
1581
2265
1547
1582
2266
1583
2267
1549
1584
2268
1550
1585
2269
1551
1586
2270
1552
1587
2271
1553
1588
2272
1554
1589
2273
1555
1590
2274
1556
1591
2275
1557
1592
2276
1558
1593
2277
1559
1594
2278
1560
1595
2279
1561
1596
2280
1562
1597
2281
1563
1598
2282
1564
1599
2283
1565
1600
2284
1566
1601
2285
1567
1602
2286
1568
1603
2287
1569
1604
2288
1570
1605
2289
1571
1606
2290
1572
1607
2291
1573
1608
2292
1574
1609
2293
1575
1610
2294
1576
1611
2295
1577
1612
2296
1578
1613
2297
1579
1614
2298
1580
1615
2299
1581
1616
2300
1582
1617
2301
1583
1618
2302
1619
2303
1585
1620
2304
1586
1621
2305
1587
1622
2306
1588
1623
2307
1589
1624
2308
1590
1625
2309
1591
1626
2310
1592
1627
2311
1593
1628
2312
1594
1629
2313
1595
1630
2314
1596
1631
2315
1597
1632
2316
1598
1633
2317
1599
1634
2318
1600
1635
2319
1601
1636
2320
1602
1637
2321
1603
1638
2322
1604
1639
2323
1605
1640
2324
1606
1641
2325
1607
1642
2326
1608
1643
2327
1609
1644
2328
1610
1645
2329
1611
1646
2330
1612
1647
2331
1613
1648
2332
1614
1649
2333
1615
1650
2334
1616
1651
2335
1617
1652
2336
1618
1653
2337
1619
1654
2338
1655
2339
1621
1656
2340
1622
1657
2341
1623
1658
2342
1624
1659
2343
1625
1660
2344
1626
1661
2345
1627
1662
2346
1628
1663
2347
1629
1664
2348
1630
1665
2349
1631
1666
2350
1632
1667
2351
1633
1668
2352
1634
1669
2353
1635
1670
2354
1636
1671
2355
1637
1672
2356
1638
1673
2357
1639
1674
2358
1640
1675
2359
1641
1676
2360
1642
1677
2361
1643
1678
2362
1644
1679
2363
1645
1680
2364
1646
1681
2365
1647
1682
2366
1648
1683
2367
1649
1684
2368
1650
1685
2369
1651
1686
2370
1652
1687
2371
1653
1688
2372
1654
1689
2373
1655
1690
2374
1691
2375
1657
1692
2376
1658
1693
2377
1659
1694
2378
1660
1695
2379
1661
1696
2380
1662
1697
2381
1663
1698
2382
1664
1699
2383
1665
1700
2384
1666
1701
2385
1667
1702
2386
1668
1703
2387
1669
1704
2388
1670
1705
2389
1671
1706
2390
1672
1707
2391
1673
1708
2392
1674
1709
2393
1675
1710
2394
1676
1711
2395
1677
1712
2396
1678
1713
2397
1679
1714
2398
1680
1715
2399
1681
1716
2400
1682
1717
2401
1683
1718
2402
1684
1719
2403
1685
1720
2404
1686
1721
2405
1687
1722
2406
1688
1723
2407
1689
1724
2408
1690
1725
2409
1691
1726
2410
1727
2411
1693
1728
2412
1694
1729
2413
1695
1730
2414
1696
1731
2415
1697
1732
2416
1698
1733
2417
1699
1734
2418
1700
1735
2419
1701
1736
2420
1702
1737
2421
1703
1738
2422
1704
1739
2423
1705
1740
2424
1706
1741
2425
1707
1742
2426
1708
1743
2427
1709
1744
2428
1710
1745
2429
1711
1746
2430
1712
1747
2431
1713
1748
2432
1714
1749
2433
1715
1750
2434
1716
1751
2435
1717
1752
2436
1718
1753
2437
1719
1754
2438
1720
1755
2439
1721
1756
2440
1722
1757
2441
1723
1758
2442
1724
1759
2443
1725
1760
2444
1726
1761
2445
1727
1762
2446
1763
2447
1729
1764
2448
1730
1765
2449
1731
1766
2450
1732
1767
2451
1733
1768
2452
1734
1769
2453
1735
1770
2454
1736
1771
2455
1737
1772
2456
1738
1773
2457
1739
1774
2458
1740
1775
2459
1741
1776
2460
1742
1777
2461
1743
1778
2462
1744
1779
2463
1745
1780
2464
1746
1781
2465
1747
1782
2466
1748
1783
2467
1749
1784
2468
1750
1785
2469
1751
1786
2470
1752
1787
2471
1753
1788
2472
1754
1789
2473
1755
1790
2474
1756
1791
2475
1757
1792
2476
1758
1793
2477
1759
1794
2478
1760
1795
2479
1761
1796
2480
1762
1797
2481
1763
1798
2482
1799
2483
1765
1800
2484
1766
1801
2485
1767
1802
2486
1768
1803
2487
1769
1804
2488
1770
1805
2489
1771
1806
2490
1772
1807
2491
1773
1808
2492
1774
1809
2493
1775
1810
2494
1776
1811
2495
1777
1812
2496
1778
1813
2497
1779
1814
2498
1780
1815
2499
1781
1816
2500
1782
1817
2501
1783
1818
2502
1784
1819
2503
1785
1820
2504
1786
1821
2505
1787
1822
2506
1788
1823
2507
1789
1824
2508
1790
1825
2509
1791
1826
2510
1792
1827
2511
1793
1828
2512
1794
1829
2513
1795
1830
2514
1796
1831
2515
1797
1832
2516
1798
1833
2517
1799
1834
2518
1835
2519
1801
1836
2520
1802
1837
2521
1803
1838
2522
1804
1839
2523
1805
1840
2524
1806
1841
2525
1807
1842
2526
1808
1843
2527
1809
1844
2528
1810
1845
2529
1811
1846
2530
1812
1847
2531
1813
1848
2532
1814
1849
2533
1815
1850
2534
1816
1851
2535
1817
1852
2536
1818
1853
2537
1819
1854
2538
1820
1855
2539
1821
1856
2540
1822
1857
2541
1823
1858
2542
1824
1859
2543
1825
1860
2544
1826
1861
2545
1827
1862
2546
1828
1863
2547
1829
1864
2548
1830
1865
2549
1831
1866
2550
1832
1867
2551
1833
1868
2552
1834
1869
2553
1835
1870
2554
1871
2555
1837
1872
2556
1838
1873
2557
1839
1874
2558
1840
1875
2559
1841
1876
2560
1842
1877
2561
1843
1878
2562
1844
1879
2563
1845
1880
2564
1846
1881
2565
1847
1882
2566
1848
1883
2567
1849
1884
2568
1850
1885
2569
1851
1886
2570
1852
1887
2571
1853
1888
2572
1854
1889
2573
1855
1890
2574
1856
1891
2575
1857
1892
2576
1858
1893
2577
1859
1894
2578
1860
1895
2579
1861
1896
2580
1862
1897
2581
1863
1898
2582
1864
1899
2583
1865
1900
2584
1866
1901
2585
1867
1902
2586
1868
1903
2587
1869
1904
2588
1870
1905
2589
1871
1906
2590
1907
2591
1873
1908
2592
1874
1909
2593
1875
1910
2594
1876
1911
2595
1877
1912
2596
1878
1913
2597
1879
1914
2598
1880
1915
2599
1881
1916
2600
1882
1917
2601
1883
1918
2602
1884
1919
2603
1885
1920
2604
1886
1921
2605
1887
1922
2606
1888
1923
2607
1889
1924
2608
1890
1925
2609
1891
1926
2610
1892
1927
2611
1893
1928
2612
1894
1929
2613
1895
1930
2614
1896
1931
2615
1897
1932
2616
1898
1933
2617
1899
1934
2618
1900
1935
2619
1901
1936
2620
1902
1937
2621
1903
1938
2622
1904
1939
2623
1905
1940
2624
1906
1941
2625
1907
1942
2626
1943
2627
1909
1944
2628
1910
1945
2629
1911
1946
2630
1912
1947
2631
1913
1948
2632
1914
1949
2633
1915
1950
2634
1916
1951
2635
1917
1952
2636
1918
1953
2637
1919
1954
2638
1920
1955
2639
1921
1956
2640
1922
1957
2641
1923
1958
2642
1924
1959
2643
1925
1960
2644
1926
1961
2645
1927
1962
2646
1928
1963
2647
1929
1964
2648
1930
1965
2649
1931
1966
2650
1932
1967
2651
1933
1968
2652
1934
1969
2653
1935
1970
2654
1936
1971
2655
1937
1972
2656
1938
1973
2657
1939
1974
2658
1940
1975
2659
1941
1976
2660
1942
1977
2661
1943
1978
2662
1979
2663
1945
1980
2664
1946
1981
2665
1947
1982
2666
1948
1983
2667
1949
1984
2668
1950
1985
2669
1951
1986
2670
1952
1987
2671
1953
1988
2672
1954
1989
2673
1955
1990
2674
1956
1991
2675
1957
1992
2676
1958
1993
2677
1959
1994
2678
1960
1995
2679
1961
1996
2680
1962
1997
2681
1963
1998
2682
1964
1999
2683
1965
2000
2684
1966
2001
2685
1967
2002
2686
1968
2003
2687
1969
2004
2688
1970
2005
2689
1971
2006
2690
1972
2007
2691
1973
2008
2692
1974
2009
2693
1975
2010
2694
1976
2011
2695
1977
2012
2696
1978
2013
2697
1979
2014
2698
2015
2699
1981
2016
2700
1982
2017
2701
1983
2018
2702
1984
2019
2703
1985
2020
2704
1986
2021
2705
1987
2022
2706
1988
2023
2707
1989
2024
2708
1990
2025
2709
1991
2026
2710
1992
2027
2711
1993
2028
2712
1994
2029
2713
1995
2030
2714
1996
2031
2715
1997
2032
2716
1998
2033
2717
1999
2034
2718
2000
2035
2719
2001
2036
2720
2002
2037
2721
2003
2038
2722
2004
2039
2723
2005
2040
2724
2006
2041
2725
2007
2042
2726
2008
2043
2727
2009
2044
2728
2010
2045
2729
2011
2046
2730
2012
2047
2731
2013
2048
2732
2014
2049
2733
2015
2050
2734
2051
2735
2017
2052
2736
2018
2053
2737
2019
2054
2738
2020
2055
2739
2021
2056
2740
2022
2057
2741
2023
2058
2742
2024
2059
2743
2025
2060
2744
2026
2061
2745
2027
2062
2746
2028
2063
2747
2029
2064
2748
2030
2065
2749
2031
2066
2750
2032
2067
2751
2033
2068
2752
2034
2069
2753
2035
2070
2754
2036
2071
2755
2037
2072
2756
2038
2073
2757
2039
2074
2758
2040
2075
2759
2041
2076
2760
2042
2077
2761
2043
2078
2762
2044
2079
2763
2045
2080
2764
2046
2081
2765
2047
2082
2766
2048
2083
2767
2049
2084
2768
2050
2085
2769
2051
2086
2770
2087
2771
2053
2088
2772
2054
2089
2773
2055
2090
2774
2056
2091
2775
2057
2092
2776
2058
2093
2777
2059
2094
2778
2060
2095
2779
2061
2096
2780
2062
2097
2781
2063
2098
2782
2064
2099
2783
2065
2100
2784
2066
2101
2785
2067
2102
2786
2068
2103
2787
2069
2104
2788
2070
2105
2789
2071
2106
2790
2072
2107
2791
2073
2108
2792
2074
2109
2793
2075
2110
2794
2076
2111
2795
2077
2112
2796
2078
2113
2797
2079
2114
2798
2080
2115
2799
2081
2116
2800
2082
2117
2801
2083
2118
2802
2084
2119
2803
2085
2120
2804
2086
2121
2805
2087
2122
2806
2123
2807
2089
2124
2808
2090
2125
2809
2091
2126
2810
2092
2127
2811
2093
2128
2812
2094
2129
2813
2095
2130
2814
2096
2131
2815
2097
2132
2816
2098
2133
2817
2099
2134
2818
2100
2135
2819
2101
2136
2820
2102
2137
2821
2103
2138
2822
2104
2139
2823
2105
2140
2824
2106
2141
2825
2107
2142
2826
2108
2143
2827
2109
2144
2828
2110
2145
2829
2111
2146
2830
2112
2147
2831
2113
2148
2832
2114
2149
2833
2115
2150
2834
2116
2151
2835
2117
2152
2836
2118
2153
2837
2119
2154
2838
2120
2155
2839
2121
2156
2840
2122
2157
2841
2123
2158
2842
2159
2843
2125
2844
2126
2845
2127
2846
2128
2847
2129
2848
2130
2849
2131
2850
2132
2851
2133
2852
2134
2853
2135
2854
2136
2855
2137
2856
2138
2857
2139
2858
2140
2859
2141
2860
2142
2861
2143
2862
2144
2863
2145
2864
2146
2865
2147
2866
2148
2867
2149
2868
2150
2869
2151
2870
2152
2871
2153
2872
2154
2873
2155
2874
2156
2875
2157
2876
2158
2877
2159
2878
2879
2161
2196
2880
2162
2197
2881
2163
2198
2882
2164
2199
2883
2165
2200
2884
2166
2201
2885
2167
2202
2886
2168
2203
2887
2169
2204
2888
2170
2205
2889
2171
2206
2890
2172
2207
2891
2173
2208
2892
2174
2209
2893
2175
2210
2894
2176
2211
2895
2177
2212
2896
2178
2213
2897
2179
2214
2898
2180
2215
2899
2181
2216
2900
2182
2217
2901
2183
2218
2902
2184
2219
2903
2185
2220
2904
2186
2221
2905
2187
2222
2906
2188
2223
2907
2189
2224
2908
2190
2225
2909
2191
2226
2910
2192
2227
2911
2193
2228
2912
2194
2229
2913
2195
2230
2914
2231
2915
2197
2232
2916
2198
2233
2917
2199
2234
2918
2200
2235
2919
2201
2236
2920
2202
2237
2921
2203
2238
2922
2204
2239
2923
2205
2240
2924
2206
2241
2925
2207
2242
2926
2208
2243
2927
2209
2244
2928
2210
2245
2929
2211
2246
2930
2212
2247
2931
2213
2248
2932
2214
2249
2933
2215
2250
2934
2216
2251
2935
2217
2252
2936
2218
2253
2937
2219
2254
2938
2220
2255
2939
2221
2256
2940
2222
2257
2941
2223
2258
2942
2224
2259
2943
2225
2260
2944
2226
2261
2945
2227
2262
2946
2228
2263
2947
2229
2264
2948
2230
2265
2949
2231
2266
2950
2267
2951
2233
2268
2952
2234
2269
2953
2235
2270
2954
2236
2271
2955
2237
2272
2956
2238
2273
2957
2239
2274
2958
2240
2275
2959
2241
2276
2960
2242
2277
2961
2243
2278
2962
2244
2279
2963
2245
2280
2964
2246
2281
2965
2247
2282
2966
2248
2283
2967
2249
2284
2968
2250
2285
2969
2251
2286
2970
2252
2287
2971
2253
2288
2972
2254
2289
2973
2255
2290
2974
2256
2291
2975
2257
2292
2976
2258
2293
2977
2259
2294
2978
2260
2295
2979
2261
2296
2980
2262
2297
2981
2263
2298
2982
2264
2299
2983
2265
2300
2984
2266
2301
2985
2267
2302
2986
2303
2987
2269
2304
2988
2270
2305
2989
2271
2306
2990
2272
2307
2991
2273
2308
2992
2274
2309
2993
2275
2310
2994
2276
2311
2995
2277
2312
2996
2278
2313
2997
2279
2314
2998
2280
2315
2999
2281
2316
3000
2282
2317
3001
2283
2318
3002
2284
2319
3003
2285
2320
3004
2286
2321
3005
2287
2322
3006
2288
2323
3007
2289
2324
3008
2290
2325
3009
2291
2326
3010
2292
2327
3011
2293
2328
3012
2294
2329
3013
2295
2330
3014
2296
2331
3015
2297
2332
3016
2298
2333
3017
2299
2334
3018
2300
2335
3019
2301
2336
3020
2302
2337
3021
2303
2338
3022
2339
3023
2305
2340
3024
2306
2341
3025
2307
2342
3026
2308
2343
3027
2309
2344
3028
2310
2345
3029
2311
2346
3030
2312
2347
3031
2313
2348
3032
2314
2349
3033
2315
2350
3034
2316
2351
3035
2317
2352
3036
2318
2353
3037
2319
2354
3038
2320
2355
3039
2321
2356
3040
2322
2357
3041
2323
2358
3042
2324
2359
3043
2325
2360
3044
2326
2361
3045
2327
2362
3046
2328
2363
3047
2329
2364
3048
2330
2365
3049
2331
2366
3050
2332
2367
3051
2333
2368
3052
2334
2369
3053
2335
2370
3054
2336
2371
3055
2337
2372
3056
2338
2373
3057
2339
2374
3058
2375
3059
2341
2376
3060
2342
2377
3061
2343
2378
3062
2344
2379
3063
2345
2380
3064
2346
2381
3065
2347
2382
3066
2348
2383
3067
2349
2384
3068
2350
2385
3069
2351
2386
3070
2352
2387
3071
2353
2388
3072
2354
2389
3073
2355
2390
3074
2356
2391
3075
2357
2392
3076
2358
2393
3077
2359
2394
3078
2360
2395
3079
2361
2396
3080
2362
2397
3081
2363
2398
3082
2364
2399
3083
2365
2400
3084
2366
2401
3085
2367
2402
3086
2368
2403
3087
2369
2404
3088
2370
2405
3089
2371
2406
3090
2372
2407
3091
2373
2408
3092
2374
2409
3093
2375
2410
3094
2411
3095
2377
2412
3096
2378
2413
3097
2379
2414
3098
2380
2415
3099
2381
2416
3100
2382
2417
3101
2383
2418
3102
2384
2419
3103
2385
2420
3104
2386
2421
3105
2387
2422
3106
2388
2423
3107
2389
2424
3108
2390
2425
3109
2391
2426
3110
2392
2427
3111
2393
2428
3112
2394
2429
3113
2395
2430
3114
2396
2431
3115
2397
2432
3116
2398
2433
3117
2399
2434
3118
2400
2435
3119
2401
2436
3120
2402
2437
3121
2403
2438
3122
2404
2439
3123
2405
2440
3124
2406
2441
3125
2407
2442
3126
2408
2443
3127
2409
2444
3128
2410
2445
3129
2411
2446
3130
2447
3131
2413
2448
3132
2414
2449
3133
2415
2450
3134
2416
2451
3135
2417
2452
3136
2418
2453
3137
2419
2454
3138
2420
2455
3139
2421
2456
3140
2422
2457
3141
2423
2458
3142
2424
2459
3143
2425
2460
3144
2426
2461
3145
2427
2462
3146
2428
2463
3147
2429
2464
3148
2430
2465
3149
2431
2466
3150
2432
2467
3151
2433
2468
3152
2434
2469
3153
2435
2470
3154
2436
2471
3155
2437
2472
3156
2438
2473
3157
2439
2474
3158
2440
2475
3159
2441
2476
3160
2442
2477
3161
2443
2478
3162
2444
2479
3163
2445
2480
3164
2446
2481
3165
2447
2482
3166
2483
3167
2449
2484
3168
2450
2485
3169
2451
2486
3170
2452
2487
3171
2453
2488
3172
2454
2489
3173
2455
2490
3174
2456
2491
3175
2457
2492
3176
2458
2493
3177
2459
2494
3178
2460
2495
3179
2461
2496
3180
2462
2497
3181
2463
2498
3182
2464
2499
3183
2465
2500
3184
2466
2501
3185
2467
2502
3186
2468
2503
3187
2469
2504
3188
2470
2505
3189
2471
2506
3190
2472
2507
3191
2473
2508
3192
2474
2509
3193
2475
2510
3194
2476
2511
3195
2477
2512
3196
2478
2513
3197
2479
2514
3198
2480
2515
3199
2481
2516
3200
2482
2517
3201
2483
2518
3202
2519
3203
2485
2520
3204
2486
2521
3205
2487
2522
3206
2488
2523
3207
2489
2524
3208
2490
2525
3209
2491
2526
3210
2492
2527
3211
2493
2528
3212
2494
2529
3213
2495
2530
3214
2496
2531
3215
2497
2532
3216
2498
2533
3217
2499
2534
3218
2500
2535
3219
2501
2536
3220
2502
2537
3221
2503
2538
3222
2504
2539
3223
2505
2540
3224
2506
2541
3225
2507
2542
3226
2508
2543
3227
2509
2544
3228
2510
2545
3229
2511
2546
3230
2512
2547
3231
2513
2548
3232
2514
2549
3233
2515
2550
3234
2516
2551
3235
2517
2552
3236
2518
2553
3237
2519
2554
3238
2555
3239
2521
2556
3240
2522
2557
3241
2523
2558
3242
2524
2559
3243
2525
2560
3244
2526
2561
3245
2527
2562
3246
2528
2563
3247
2529
2564
3248
2530
2565
3249
2531
2566
3250
2532
2567
3251
2533
2568
3252
2534
2569
3253
2535
2570
3254
2536
2571
3255
2537
2572
3256
2538
2573
3257
2539
2574
3258
2540
2575
3259
2541
2576
3260
2542
2577
3261
2543
2578
3262
2544
2579
3263
2545
2580
3264
2546
2581
3265
2547
2582
3266
2548
2583
3267
2549
2584
3268
2550
2585
3269
2551
2586
3270
2552
2587
3271
2553
2588
3272
2554
2589
3273
2555
2590
3274
2591
3275
2557
2592
3276
2558
2593
3277
2559
2594
3278
2560
2595
3279
2561
2596
3280
2562
2597
3281
2563
2598
3282
2564
2599
3283
2565
2600
3284
2566
2601
3285
2567
2602
3286
2568
2603
3287
2569
2604
3288
2570
2605
3289
2571
2606
3290
2572
2607
3291
2573
2608
3292
2574
2609
3293
2575
2610
3294
2576
2611
3295
2577
2612
3296
2578
2613
3297
2579
2614
3298
2580
2615
3299
2581
2616
3300
2582
2617
3301
2583
2618
3302
2584
2619
3303
2585
2620
3304
2586
2621
3305
2587
2622
3306
2588
2623
3307
2589
2624
3308
2590
2625
3309
2591
2626
3310
2627
3311
2593
2628
3312
2594
2629
3313
2595
2630
3314
2596
2631
3315
2597
2632
3316
2598
2633
3317
2599
2634
3318
2600
2635
3319
2601
2636
3320
2602
2637
3321
2603
2638
3322
2604
2639
3323
2605
2640
3324
2606
2641
3325
2607
2642
3326
2608
2643
3327
2609
2644
3328
2610
2645
3329
2611
2646
3330
2612
2647
3331
2613
2648
3332
2614
2649
3333
2615
2650
3334
2616
2651
3335
2617
2652
3336
2618
2653
3337
2619
2654
3338
2620
2655
3339
2621
2656
3340
2622
2657
3341
2623
2658
3342
2624
2659
3343
2625
2660
3344
2626
2661
3345
2627
2662
3346
2663
3347
2629
2664
3348
2630
2665
3349
2631
2666
3350
2632
2667
3351
2633
2668
3352
2634
2669
3353
2635
2670
3354
2636
2671
3355
2637
2672
3356
2638
2673
3357
2639
2674
3358
2640
2675
3359
2641
2676
3360
2642
2677
3361
2643
2678
3362
2644
2679
3363
2645
2680
3364
2646
2681
3365
2647
2682
3366
2648
2683
3367
2649
2684
3368
2650
2685
3369
2651
2686
3370
2652
2687
3371
2653
2688
3372
2654
2689
3373
2655
2690
3374
2656
2691
3375
2657
2692
3376
2658
2693
3377
2659
2694
3378
2660
2695
3379
2661
2696
3380
2662
2697
3381
2663
2698
3382
2699
3383
2665
2700
3384
2666
2701
3385
2667
2702
3386
2668
2703
3387
2669
2704
3388
2670
2705
3389
2671
2706
3390
2672
2707
3391
2673
2708
3392
2674
2709
3393
2675
2710
3394
2676
2711
3395
2677
2712
3396
2678
2713
3397
2679
2714
3398
2680
2715
3399
2681
2716
3400
2682
2717
3401
2683
2718
3402
2684
2719
3403
2685
2720
3404
2686
2721
3405
2687
2722
3406
2688
2723
3407
2689
2724
3408
2690
2725
3409
2691
2726
3410
2692
2727
3411
2693
2728
3412
2694
2729
3413
2695
2730
3414
2696
2731
3415
2697
2732
3416
2698
2733
3417
2699
2734
3418
2735
3419
2701
2736
3420
2702
2737
3421
2703
2738
3422
2704
2739
3423
2705
2740
3424
2706
2741
3425
2707
2742
3426
2708
2743
3427
2709
2744
3428
2710
2745
3429
2711
2746
3430
2712
2747
3431
2713
2748
3432
2714
2749
3433
2715
2750
3434
2716
2751
3435
2717
2752
3436
2718
2753
3437
2719
2754
3438
2720
2755
3439
2721
2756
3440
2722
2757
3441
2723
2758
3442
2724
2759
3443
2725
2760
3444
2726
2761
3445
2727
2762
3446
2728
2763
3447
2729
2764
3448
2730
2765
3449
2731
2766
3450
2732
2767
3451
2733
2768
3452
2734
2769
3453
2735
2770
3454
2771
3455
2737
2772
3456
2738
2773
3457
2739
2774
3458
2740
2775
3459
2741
2776
3460
2742
2777
3461
2743
2778
3462
2744
2779
3463
2745
2780
3464
2746
2781
3465
2747
2782
3466
2748
2783
3467
2749
2784
3468
2750
2785
3469
2751
2786
3470
2752
2787
3471
2753
2788
3472
2754
2789
3473
2755
2790
3474
2756
2791
3475
2757
2792
3476
2758
2793
3477
2759
2794
3478
2760
2795
3479
2761
2796
3480
2762
2797
3481
2763
2798
3482
2764
2799
3483
2765
2800
3484
2766
2801
3485
2767
2802
3486
2768
2803
3487
2769
2804
3488
2770
2805
3489
2771
2806
3490
2807
3491
2773
2808
3492
2774
2809
3493
2775
2810
3494
2776
2811
3495
2777
2812
3496
2778
2813
3497
2779
2814
3498
2780
2815
3499
2781
2816
3500
2782
2817
3501
2783
2818
3502
2784
2819
3503
2785
2820
3504
2786
2821
3505
2787
2822
3506
2788
2823
3507
2789
2824
3508
2790
2825
3509
2791
2826
3510
2792
2827
3511
2793
2828
3512
2794
2829
3513
2795
2830
3514
2796
2831
3515
2797
2832
3516
2798
2833
3517
2799
2834
3518
2800
2835
3519
2801
2836
3520
2802
2837
3521
2803
2838
3522
2804
2839
3523
2805
2840
3524
2806
2841
3525
2807
2842
3526
2843
3527
2809
2844
3528
2810
2845
3529
2811
2846
3530
2812
2847
3531
2813
2848
3532
2814
2849
3533
2815
2850
3534
2816
2851
3535
2817
2852
3536
2818
2853
3537
2819
2854
3538
2820
2855
3539
2821
2856
3540
2822
2857
3541
2823
2858
3542
2824
2859
3543
2825
2860
3544
2826
2861
3545
2827
2862
3546
2828
2863
3547
2829
2864
3548
2830
2865
3549
2831
2866
3550
2832
2867
3551
2833
2868
3552
2834
2869
3553
2835
2870
3554
2836
2871
3555
2837
2872
3556
2838
2873
3557
2839
2874
3558
2840
2875
3559
2841
2876
3560
2842
2877
3561
2843
2878
3562
2879
3563
2845
3564
2846
3565
2847
3566
2848
3567
2849
3568
2850
3569
2851
3570
2852
3571
2853
3572
2854
3573
2855
3574
2856
3575
2857
3576
2858
3577
2859
3578
2860
3579
2861
3580
2862
3581
2863
3582
2864
3583
2865
3584
2866
3585
2867
3586
2868
3587
2869
3588
2870
3589
2871
3590
2872
3591
2873
3592
2874
3593
2875
3594
2876
3595
2877
3596
2878
3597
2879
3598
3599
2881
2916
3600
2882
2917
3601
2883
2918
3602
2884
2919
3603
2885
2920
3604
2886
2921
3605
2887
2922
3606
2888
2923
3607
2889
2924
3608
2890
2925
3609
2891
2926
3610
2892
2927
3611
2893
2928
3612
2894
2929
3613
2895
2930
3614
2896
2931
3615
2897
2932
3616
2898
2933
3617
2899
2934
3618
2900
2935
3619
2901
2936
3620
2902
2937
3621
2903
2938
3622
2904
2939
3623
2905
2940
3624
2906
2941
3625
2907
2942
3626
2908
2943
3627
2909
2944
3628
2910
2945
3629
2911
2946
3630
2912
2947
3631
2913
2948
3632
2914
2949
3633
2915
2950
3634
2951
3635
2917
2952
3636
2918
2953
3637
2919
2954
3638
2920
2955
3639
2921
2956
3640
2922
2957
3641
2923
2958
3642
2924
2959
3643
2925
2960
3644
2926
2961
3645
2927
2962
3646
2928
2963
3647
2929
2964
3648
2930
2965
3649
2931
2966
3650
2932
2967
3651
2933
2968
3652
2934
2969
3653
2935
2970
3654
2936
2971
3655
2937
2972
3656
2938
2973
3657
2939
2974
3658
2940
2975
3659
2941
2976
3660
2942
2977
3661
2943
2978
3662
2944
2979
3663
2945
2980
3664
2946
2981
3665
2947
2982
3666
2948
2983
3667
2949
2984
3668
2950
2985
3669
2951
2986
3670
2987
3671
2953
2988
3672
2954
2989
3673
2955
2990
3674
2956
2991
3675
2957
2992
3676
2958
2993
3677
2959
2994
3678
2960
2995
3679
2961
2996
3680
2962
2997
3681
2963
2998
3682
2964
2999
3683
2965
3000
3684
2966
3001
3685
2967
3002
3686
2968
3003
3687
2969
3004
3688
2970
3005
3689
2971
3006
3690
2972
3007
3691
2973
3008
3692
2974
3009
3693
2975
3010
3694
2976
3011
3695
2977
3012
3696
2978
3013
3697
2979
3014
3698
2980
3015
3699
2981
3016
3700
2982
3017
3701
2983
3018
3702
2984
3019
3703
2985
3020
3704
2986
3021
3705
2987
3022
3706
3023
3707
2989
3024
3708
2990
3025
3709
2991
3026
3710
2992
3027
3711
2993
3028
3712
2994
3029
3713
2995
3030
3714
2996
3031
3715
2997
3032
3716
2998
3033
3717
2999
3034
3718
3000
3035
3719
3001
3036
3720
3002
3037
3721
3003
3038
3722
3004
3039
3723
3005
3040
3724
3006
3041
3725
3007
3042
3726
3008
3043
3727
3009
3044
3728
3010
3045
3729
3011
3046
3730
3012
3047
3731
3013
3048
3732
3014
3049
3733
3015
3050
3734
3016
3051
3735
3017
3052
3736
3018
3053
3737
3019
3054
3738
3020
3055
3739
3021
3056
3740
3022
3057
3741
3023
3058
3742
3059
3743
3025
3060
3744
3026
3061
3745
3027
3062
3746
3028
3063
3747
3029
3064
3748
3030
3065
3749
3031
3066
3750
3032
3067
3751
3033
3068
3752
3034
3069
3753
3035
3070
3754
3036
3071
3755
3037
3072
3756
3038
3073
3757
3039
3074
3758
3040
3075
3759
3041
3076
3760
3042
3077
3761
3043
3078
3762
3044
3079
3763
3045
3080
3764
3046
3081
3765
3047
3082
3766
3048
3083
3767
3049
3084
3768
3050
3085
3769
3051
3086
3770
3052
3087
3771
3053
3088
3772
3054
3089
3773
3055
3090
3774
3056
3091
3775
3057
3092
3776
3058
3093
3777
3059
3094
3778
3095
3779
3061
3096
3780
3062
3097
3781
3063
3098
3782
3064
3099
3783
3065
3100
3784
3066
3101
3785
3067
3102
3786
3068
3103
3787
3069
3104
3788
3070
3105
3789
3071
3106
3790
3072
3107
3791
3073
3108
3792
3074
3109
3793
3075
3110
3794
3076
3111
3795
3077
3112
3796
3078
3113
3797
3079
3114
3798
3080
3115
3799
3081
3116
3800
3082
3117
3801
3083
3118
3802
3084
3119
3803
3085
3120
3804
3086
3121
3805
3087
3122
3806
3088
3123
3807
3089
3124
3808
3090
3125
3809
3091
3126
3810
3092
3127
3811
3093
3128
3812
3094
3129
3813
3095
3130
3814
3131
3815
3097
3132
3816
3098
3133
3817
3099
3134
3818
3100
3135
3819
3101
3136
3820
3102
3137
3821
3103
3138
3822
3104
3139
3823
3105
3140
3824
3106
3141
3825
3107
3142
3826
3108
3143
3827
3109
3144
3828
3110
3145
3829
3111
3146
3830
3112
3147
3831
3113
3148
3832
3114
3149
3833
3115
3150
3834
3116
3151
3835
3117
3152
3836
3118
3153
3837
3119
3154
3838
3120
3155
3839
3121
3156
3840
3122
3157
3841
3123
3158
3842
3124
3159
3843
3125
3160
3844
3126
3161
3845
3127
3162
3846
3128
3163
3847
3129
3164
3848
3130
3165
3849
3131
3166
3850
3167
3851
3133
3168
3852
3134
3169
3853
3135
3170
3854
3136
3171
3855
3137
3172
3856
3138
3173
3857
3139
3174
3858
3140
3175
3859
3141
3176
3860
3142
3177
3861
3143
3178
3862
3144
3179
3863
3145
3180
3864
3146
3181
3865
3147
3182
3866
3148
3183
3867
3149
3184
3868
3150
3185
3869
3151
3186
3870
3152
3187
3871
3153
3188
3872
3154
3189
3873
3155
3190
3874
3156
3191
3875
3157
3192
3876
3158
3193
3877
3159
3194
3878
3160
3195
3879
3161
3196
3880
3162
3197
3881
3163
3198
3882
3164
3199
3883
3165
3200
3884
3166
3201
3885
3167
3202
3886
3203
3887
3169
3204
3888
3170
3205
3889
3171
3206
3890
3172
3207
3891
3173
3208
3892
3174
3209
3893
3175
3210
3894
3176
3211
3895
3177
3212
3896
3178
3213
3897
3179
3214
3898
3180
3215
3899
3181
3216
3900
3182
3217
3901
3183
3218
3902
3184
3219
3903
3185
3220
3904
3186
3221
3905
3187
3222
3906
3188
3223
3907
3189
3224
3908
3190
3225
3909
3191
3226
3910
3192
3227
3911
3193
3228
3912
3194
3229
3913
3195
3230
3914
3196
3231
3915
3197
3232
3916
3198
3233
3917
3199
3234
3918
3200
3235
3919
3201
3236
3920
3202
3237
3921
3203
3238
3922
3239
3923
3205
3240
3924
3206
3241
3925
3207
3242
3926
3208
3243
3927
3209
3244
3928
3210
3245
3929
3211
3246
3930
3212
3247
3931
3213
3248
3932
3214
3249
3933
3215
3250
3934
3216
3251
3935
3217
3252
3936
3218
3253
3937
3219
3254
3938
3220
3255
3939
3221
3256
3940
3222
3257
3941
3223
3258
3942
3224
3259
3943
3225
3260
3944
3226
3261
3945
3227
3262
3946
3228
3263
3947
3229
3264
3948
3230
3265
3949
3231
3266
3950
3232
3267
3951
3233
3268
3952
3234
3269
3953
3235
3270
3954
3236
3271
3955
3237
3272
3956
3238
3273
3957
3239
3274
3958
3275
3959
3241
3276
3960
3242
3277
3961
3243
3278
3962
3244
3279
3963
3245
3280
3964
3246
3281
3965
3247
3282
3966
3248
3283
3967
3249
3284
3968
3250
3285
3969
3251
3286
3970
3252
3287
3971
3253
3288
3972
3254
3289
3973
3255
3290
3974
3256
3291
3975
3257
3292
3976
3258
3293
3977
3259
3294
3978
3260
3295
3979
3261
3296
3980
3262
3297
3981
3263
3298
3982
3264
3299
3983
3265
3300
3984
3266
3301
3985
3267
3302
3986
3268
3303
3987
3269
3304
3988
3270
3305
3989
3271
3306
3990
3272
3307
3991
3273
3308
3992
3274
3309
3993
3275
3310
3994
3311
3995
3277
3312
3996
3278
3313
3997
3279
3314
3998
3280
3315
3999
3281
3316
4000
3282
3317
4001
3283
3318
4002
3284
3319
4003
3285
3320
4004
3286
3321
4005
3287
3322
4006
3288
3323
4007
3289
3324
4008
3290
3325
4009
3291
3326
4010
3292
3327
4011
3293
3328
4012
3294
3329
4013
3295
3330
4014
3296
3331
4015
3297
3332
4016
3298
3333
4017
3299
3334
4018
3300
3335
4019
3301
3336
4020
3302
3337
4021
3303
3338
4022
3304
3339
4023
3305
3340
4024
3306
3341
4025
3307
3342
4026
3308
3343
4027
3309
3344
4028
3310
3345
4029
3311
3346
4030
3347
4031
3313
3348
4032
3314
3349
4033
3315
3350
4034
3316
3351
4035
3317
3352
4036
3318
3353
4037
3319
3354
4038
3320
3355
4039
3321
3356
4040
3322
3357
4041
3323
3358
4042
3324
3359
4043
3325
3360
4044
3326
3361
4045
3327
3362
4046
3328
3363
4047
3329
3364
4048
3330
3365
4049
3331
3366
4050
3332
3367
4051
3333
3368
4052
3334
3369
4053
3335
3370
4054
3336
3371
4055
3337
3372
4056
3338
3373
4057
3339
3374
4058
3340
3375
4059
3341
3376
4060
3342
3377
4061
3343
3378
4062
3344
3379
4063
3345
3380
4064
3346
3381
4065
3347
3382
4066
3383
4067
3349
3384
4068
3350
3385
4069
3351
3386
4070
3352
3387
4071
3353
3388
4072
3354
3389
4073
3355
3390
4074
3356
3391
4075
3357
3392
4076
3358
3393
4077
3359
3394
4078
3360
3395
4079
3361
3396
4080
3362
3397
4081
3363
3398
4082
3364
3399
4083
3365
3400
4084
3366
3401
4085
3367
3402
4086
3368
3403
4087
3369
3404
4088
3370
3405
4089
3371
3406
4090
3372
3407
4091
3373
3408
4092
3374
3409
4093
3375
3410
4094
3376
3411
4095
3377
3412
4096
3378
3413
4097
3379
3414
4098
3380
3415
4099
3381
3416
4100
3382
3417
4101
3383
3418
4102
3419
4103
3385
3420
4104
3386
3421
4105
3387
3422
4106
3388
3423
4107
3389
3424
4108
3390
3425
4109
3391
3426
4110
3392
3427
4111
3393
3428
4112
3394
3429
4113
3395
3430
4114
3396
3431
4115
3397
3432
4116
3398
3433
4117
3399
3434
4118
3400
3435
4119
3401
3436
4120
3402
3437
4121
3403
3438
4122
3404
3439
4123
3405
3440
4124
3406
3441
4125
3407
3442
4126
3408
3443
4127
3409
3444
4128
3410
3445
4129
3411
3446
4130
3412
3447
4131
3413
3448
4132
3414
3449
4133
3415
3450
4134
3416
3451
4135
3417
3452
4136
3418
3453
4137
3419
3454
4138
3455
4139
3421
3456
4140
3422
3457
4141
3423
3458
4142
3424
3459
4143
3425
3460
4144
3426
3461
4145
3427
3462
4146
3428
3463
4147
3429
3464
4148
3430
3465
4149
3431
3466
4150
3432
3467
4151
3433
3468
4152
3434
3469
4153
3435
3470
4154
3436
3471
4155
3437
3472
4156
3438
3473
4157
3439
3474
4158
3440
3475
4159
3441
3476
4160
3442
3477
4161
3443
3478
4162
3444
3479
4163
3445
3480
4164
3446
3481
4165
3447
3482
4166
3448
3483
4167
3449
3484
4168
3450
3485
4169
3451
3486
4170
3452
3487
4171
3453
3488
4172
3454
3489
4173
3455
3490
4174
3491
4175
3457
3492
4176
3458
3493
4177
3459
3494
4178
3460
3495
4179
3461
3496
4180
3462
3497
4181
3463
3498
4182
3464
3499
4183
3465
3500
4184
3466
3501
4185
3467
3502
4186
3468
3503
4187
3469
3504
4188
3470
3505
4189
3471
3506
4190
3472
3507
4191
3473
3508
4192
3474
3509
4193
3475
3510
4194
3476
3511
4195
3477
3512
4196
3478
3513
4197
3479
3514
4198
3480
3515
4199
3481
3516
4200
3482
3517
4201
3483
3518
4202
3484
3519
4203
3485
3520
4204
3486
3521
4205
3487
3522
4206
3488
3523
4207
3489
3524
4208
3490
3525
4209
3491
3526
4210
3527
4211
3493
3528
4212
3494
3529
4213
3495
3530
4214
3496
3531
4215
3497
3532
4216
3498
3533
4217
3499
3534
4218
3500
3535
4219
3501
3536
4220
3502
3537
4221
3503
3538
4222
3504
3539
4223
3505
3540
4224
3506
3541
4225
3507
3542
4226
3508
3543
4227
3509
3544
4228
3510
3545
4229
3511
3546
4230
3512
3547
4231
3513
3548
4232
3514
3549
4233
3515
3550
4234
3516
3551
4235
3517
3552
4236
3518
3553
4237
3519
3554
4238
3520
3555
4239
3521
3556
4240
3522
3557
4241
3523
3558
4242
3524
3559
4243
3525
3560
4244
3526
3561
4245
3527
3562
4246
3563
4247
3529
3564
4248
3530
3565
4249
3531
3566
4250
3532
3567
4251
3533
3568
4252
3534
3569
4253
3535
3570
4254
3536
3571
4255
3537
3572
4256
3538
3573
4257
3539
3574
4258
3540
3575
4259
3541
3576
4260
3542
3577
4261
3543
3578
4262
3544
3579
4263
3545
3580
4264
3546
3581
4265
3547
3582
4266
3548
3583
4267
3549
3584
4268
3550
3585
4269
3551
3586
4270
3552
3587
4271
3553
3588
4272
3554
3589
4273
3555
3590
4274
3556
3591
4275
3557
3592
4276
3558
3593
4277
3559
3594
4278
3560
3595
4279
3561
3596
4280
3562
3597
4281
3563
3598
4282
3599
4283
3565
4284
3566
4285
3567
4286
3568
4287
3569
4288
3570
4289
3571
4290
3572
4291
3573
4292
3574
4293
3575
4294
3576
4295
3577
4296
3578
4297
3579
4298
3580
4299
3581
4300
3582
4301
3583
4302
3584
4303
3585
4304
3586
4305
3587
4306
3588
4307
3589
4308
3590
4309
3591
4310
3592
4311
3593
4312
3594
4313
3595
4314
3596
4315
3597
4316
3598
4317
3599
4318
4319
3601
3636
4320
3602
3637
4321
3603
3638
4322
3604
3639
4323
3605
3640
4324
3606
3641
4325
3607
3642
4326
3608
3643
4327
3609
3644
4328
3610
3645
4329
3611
3646
4330
3612
3647
4331
3613
3648
4332
3614
3649
4333
3615
3650
4334
3616
3651
4335
3617
3652
4336
3618
3653
4337
3619
3654
4338
3620
3655
4339
3621
3656
4340
3622
3657
4341
3623
3658
4342
3624
3659
4343
3625
3660
4344
3626
3661
4345
3627
3662
4346
3628
3663
4347
3629
3664
4348
3630
3665
4349
3631
3666
4350
3632
3667
4351
3633
3668
4352
3634
3669
4353
3635
3670
4354
3671
4355
3637
3672
4356
3638
3673
4357
3639
3674
4358
3640
3675
4359
3641
3676
4360
3642
3677
4361
3643
3678
4362
3644
3679
4363
3645
3680
4364
3646
3681
4365
3647
3682
4366
3648
3683
4367
3649
3684
4368
3650
3685
4369
3651
3686
4370
3652
3687
4371
3653
3688
4372
3654
3689
4373
3655
3690
4374
3656
3691
4375
3657
3692
4376
3658
3693
4377
3659
3694
4378
3660
3695
4379
3661
3696
4380
3662
3697
4381
3663
3698
4382
3664
3699
4383
3665
3700
4384
3666
3701
4385
3667
3702
4386
3668
3703
4387
3669
3704
4388
3670
3705
4389
3671
3706
4390
3707
4391
3673
3708
4392
3674
3709
4393
3675
3710
4394
3676
3711
4395
3677
3712
4396
3678
3713
4397
3679
3714
4398
3680
3715
4399
3681
3716
4400
3682
3717
4401
3683
3718
4402
3684
3719
4403
3685
3720
4404
3686
3721
4405
3687
3722
4406
3688
3723
4407
3689
3724
4408
3690
3725
4409
3691
3726
4410
3692
3727
4411
3693
3728
4412
3694
3729
4413
3695
3730
4414
3696
3731
4415
3697
3732
4416
3698
3733
4417
3699
3734
4418
3700
3735
4419
3701
3736
4420
3702
3737
4421
3703
3738
4422
3704
3739
4423
3705
3740
4424
3706
3741
4425
3707
3742
4426
3743
4427
3709
3744
4428
3710
3745
4429
3711
3746
4430
3712
3747
4431
3713
3748
4432
3714
3749
4433
3715
3750
4434
3716
3751
4435
3717
3752
4436
3718
3753
4437
3719
3754
4438
3720
3755
4439
3721
3756
4440
3722
3757
4441
3723
3758
4442
3724
3759
4443
3725
3760
4444
3726
3761
4445
3727
3762
4446
3728
3763
4447
3729
3764
4448
3730
3765
4449
3731
3766
4450
3732
3767
4451
3733
3768
4452
3734
3769
4453
3735
3770
4454
3736
3771
4455
3737
3772
4456
3738
3773
4457
3739
3774
4458
3740
3775
4459
3741
3776
4460
3742
3777
4461
3743
3778
4462
3779
4463
3745
3780
4464
3746
3781
4465
3747
3782
4466
3748
3783
4467
3749
3784
4468
3750
3785
4469
3751
3786
4470
3752
3787
4471
3753
3788
4472
3754
3789
4473
3755
3790
4474
3756
3791
4475
3757
3792
4476
3758
3793
4477
3759
3794
4478
3760
3795
4479
3761
3796
4480
3762
3797
4481
3763
3798
4482
3764
3799
4483
3765
3800
4484
3766
3801
4485
3767
3802
4486
3768
3803
4487
3769
3804
4488
3770
3805
4489
3771
3806
4490
3772
3807
4491
3773
3808
4492
3774
3809
4493
3775
3810
4494
3776
3811
4495
3777
3812
4496
3778
3813
4497
3779
3814
4498
3815
4499
3781
3816
4500
3782
3817
4501
3783
3818
4502
3784
3819
4503
3785
3820
4504
3786
3821
4505
3787
3822
4506
3788
3823
4507
3789
3824
4508
3790
3825
4509
3791
3826
4510
3792
3827
4511
3793
3828
4512
3794
3829
4513
3795
3830
4514
3796
3831
4515
3797
3832
4516
3798
3833
4517
3799
3834
4518
3800
3835
4519
3801
3836
4520
3802
3837
4521
3803
3838
4522
3804
3839
4523
3805
3840
4524
3806
3841
4525
3807
3842
4526
3808
3843
4527
3809
3844
4528
3810
3845
4529
3811
3846
4530
3812
3847
4531
3813
3848
4532
3814
3849
4533
3815
3850
4534
3851
4535
3817
3852
4536
3818
3853
4537
3819
3854
4538
3820
3855
4539
3821
3856
4540
3822
3857
4541
3823
3858
4542
3824
3859
4543
3825
3860
4544
3826
3861
4545
3827
3862
4546
3828
3863
4547
3829
3864
4548
3830
3865
4549
3831
3866
4550
3832
3867
4551
3833
3868
4552
3834
3869
4553
3835
3870
4554
3836
3871
4555
3837
3872
4556
3838
3873
4557
3839
3874
4558
3840
3875
4559
3841
3876
4560
3842
3877
4561
3843
3878
4562
3844
3879
4563
3845
3880
4564
3846
3881
4565
3847
3882
4566
3848
3883
4567
3849
3884
4568
3850
3885
4569
3851
3886
4570
3887
4571
3853
3888
4572
3854
3889
4573
3855
3890
4574
3856
3891
4575
3857
3892
4576
3858
3893
4577
3859
3894
4578
3860
3895
4579
3861
3896
4580
3862
3897
4581
3863
3898
4582
3864
3899
4583
3865
3900
4584
3866
3901
4585
3867
3902
4586
3868
3903
4587
3869
3904
4588
3870
3905
4589
3871
3906
4590
3872
3907
4591
3873
3908
4592
3874
3909
4593
3875
3910
4594
3876
3911
4595
3877
3912
4596
3878
3913
4597
3879
3914
4598
3880
3915
4599
3881
3916
4600
3882
3917
4601
3883
3918
4602
3884
3919
4603
3885
3920
4604
3886
3921
4605
3887
3922
4606
3923
4607
3889
3924
4608
3890
3925
4609
3891
3926
4610
3892
3927
4611
3893
3928
4612
3894
3929
4613
3895
3930
4614
3896
3931
4615
3897
3932
4616
3898
3933
4617
3899
3934
4618
3900
3935
4619
3901
3936
4620
3902
3937
4621
3903
3938
4622
3904
3939
4623
3905
3940
4624
3906
3941
4625
3907
3942
4626
3908
3943
4627
3909
3944
4628
3910
3945
4629
3911
3946
4630
3912
3947
4631
3913
3948
4632
3914
3949
4633
3915
3950
4634
3916
3951
4635
3917
3952
4636
3918
3953
4637
3919
3954
4638
3920
3955
4639
3921
3956
4640
3922
3957
4641
3923
3958
4642
3959
4643
3925
3960
4644
3926
3961
4645
3927
3962
4646
3928
3963
4647
3929
3964
4648
3930
3965
4649
3931
3966
4650
3932
3967
4651
3933
3968
4652
3934
3969
4653
3935
3970
4654
3936
3971
4655
3937
3972
4656
3938
3973
4657
3939
3974
4658
3940
3975
4659
3941
3976
4660
3942
3977
4661
3943
3978
4662
3944
3979
4663
3945
3980
4664
3946
3981
4665
3947
3982
4666
3948
3983
4667
3949
3984
4668
3950
3985
4669
3951
3986
4670
3952
3987
4671
3953
3988
4672
3954
3989
4673
3955
3990
4674
3956
3991
4675
3957
3992
4676
3958
3993
4677
3959
3994
4678
3995
4679
3961
3996
4680
3962
3997
4681
3963
3998
4682
3964
3999
4683
3965
4000
4684
3966
4001
4685
3967
4002
4686
3968
4003
4687
3969
4004
4688
3970
4005
4689
3971
4006
4690
3972
4007
4691
3973
4008
4692
3974
4009
4693
3975
4010
4694
3976
4011
4695
3977
4012
4696
3978
4013
4697
3979
4014
4698
3980
4015
4699
3981
4016
4700
3982
4017
4701
3983
4018
4702
3984
4019
4703
3985
4020
4704
3986
4021
4705
3987
4022
4706
3988
4023
4707
3989
4024
4708
3990
4025
4709
3991
4026
4710
3992
4027
4711
3993
4028
4712
3994
4029
4713
3995
4030
4714
4031
4715
3997
4032
4716
3998
4033
4717
3999
4034
4718
4000
4035
4719
4001
4036
4720
4002
4037
4721
4003
4038
4722
4004
4039
4723
4005
4040
4724
4006
4041
4725
4007
4042
4726
4008
4043
4727
4009
4044
4728
4010
4045
4729
4011
4046
4730
4012
4047
4731
4013
4048
4732
4014
4049
4733
4015
4050
4734
4016
4051
4735
4017
4052
4736
4018
4053
4737
4019
4054
4738
4020
4055
4739
4021
4056
4740
4022
4057
4741
4023
4058
4742
4024
4059
4743
4025
4060
4744
4026
4061
4745
4027
4062
4746
4028
4063
4747
4029
4064
4748
4030
4065
4749
4031
4066
4750
4067
4751
4033
4068
4752
4034
4069
4753
4035
4070
4754
4036
4071
4755
4037
4072
4756
4038
4073
4757
4039
4074
4758
4040
4075
4759
4041
4076
4760
4042
4077
4761
4043
4078
4762
4044
4079
4763
4045
4080
4764
4046
4081
4765
4047
4082
4766
4048
4083
4767
4049
4084
4768
4050
4085
4769
4051
4086
4770
4052
4087
4771
4053
4088
4772
4054
4089
4773
4055
4090
4774
4056
4091
4775
4057
4092
4776
4058
4093
4777
4059
4094
4778
4060
4095
4779
4061
4096
4780
4062
4097
4781
4063
4098
4782
4064
4099
4783
4065
4100
4784
4066
4101
4785
4067
4102
4786
4103
4787
4069
4104
4788
4070
4105
4789
4071
4106
4790
4072
4107
4791
4073
4108
4792
4074
4109
4793
4075
4110
4794
4076
4111
4795
4077
4112
4796
4078
4113
4797
4079
4114
4798
4080
4115
4799
4081
4116
4800
4082
4117
4801
4083
4118
4802
4084
4119
4803
4085
4120
4804
4086
4121
4805
4087
4122
4806
4088
4123
4807
4089
4124
4808
4090
4125
4809
4091
4126
4810
4092
4127
4811
4093
4128
4812
4094
4129
4813
4095
4130
4814
4096
4131
4815
4097
4132
4816
4098
4133
4817
4099
4134
4818
4100
4135
4819
4101
4136
4820
4102
4137
4821
4103
4138
4822
4139
4823
4105
4140
4824
4106
4141
4825
4107
4142
4826
4108
4143
4827
4109
4144
4828
4110
4145
4829
4111
4146
4830
4112
4147
4831
4113
4148
4832
4114
4149
4833
4115
4150
4834
4116
4151
4835
4117
4152
4836
4118
4153
4837
4119
4154
4838
4120
4155
4839
4121
4156
4840
4122
4157
4841
4123
4158
4842
4124
4159
4843
4125
4160
4844
4126
4161
4845
4127
4162
4846
4128
4163
4847
4129
4164
4848
4130
4165
4849
4131
4166
4850
4132
4167
4851
4133
4168
4852
4134
4169
4853
4135
4170
4854
4136
4171
4855
4137
4172
4856
4138
4173
4857
4139
4174
4858
4175
4859
4141
4176
4860
4142
4177
4861
4143
4178
4862
4144
4179
4863
4145
4180
4864
4146
4181
4865
4147
4182
4866
4148
4183
4867
4149
4184
4868
4150
4185
4869
4151
4186
4870
4152
4187
4871
4153
4188
4872
4154
4189
4873
4155
4190
4874
4156
4191
4875
4157
4192
4876
4158
4193
4877
4159
4194
4878
4160
4195
4879
4161
4196
4880
4162
4197
4881
4163
4198
4882
4164
4199
4883
4165
4200
4884
4166
4201
4885
4167
4202
4886
4168
4203
4887
4169
4204
4888
4170
4205
4889
4171
4206
4890
4172
4207
4891
4173
4208
4892
4174
4209
4893
4175
4210
4894
4211
4895
4177
4212
4896
4178
4213
4897
4179
4214
4898
4180
4215
4899
4181
4216
4900
4182
4217
4901
4183
4218
4902
4184
4219
4903
4185
4220
4904
4186
4221
4905
4187
4222
4906
4188
4223
4907
4189
4224
4908
4190
4225
4909
4191
4226
4910
4192
4227
4911
4193
4228
4912
4194
4229
4913
4195
4230
4914
4196
4231
4915
4197
4232
4916
4198
4233
4917
4199
4234
4918
4200
4235
4919
4201
4236
4920
4202
4237
4921
4203
4238
4922
4204
4239
4923
4205
4240
4924
4206
4241
4925
4207
4242
4926
4208
4243
4927
4209
4244
4928
4210
4245
4929
4211
4246
4930
4247
4931
4213
4248
4932
4214
4249
4933
4215
4250
4934
4216
4251
4935
4217
4252
4936
4218
4253
4937
4219
4254
4938
4220
4255
4939
4221
4256
4940
4222
4257
4941
4223
4258
4942
4224
4259
4943
4225
4260
4944
4226
4261
4945
4227
4262
4946
4228
4263
4947
4229
4264
4948
4230
4265
4949
4231
4266
4950
4232
4267
4951
4233
4268
4952
4234
4269
4953
4235
4270
4954
4236
4271
4955
4237
4272
4956
4238
4273
4957
4239
4274
4958
4240
4275
4959
4241
4276
4960
4242
4277
4961
4243
4278
4962
4244
4279
4963
4245
4280
4964
4246
4281
4965
4247
4282
4966
4283
4967
4249
4284
4968
4250
4285
4969
4251
4286
4970
4252
4287
4971
4253
4288
4972
4254
4289
4973
4255
4290
4974
4256
4291
4975
4257
4292
4976
4258
4293
4977
4259
4294
4978
4260
4295
4979
4261
4296
4980
4262
4297
4981
4263
4298
4982
4264
4299
4983
4265
4300
4984
4266
4301
4985
4267
4302
4986
4268
4303
4987
4269
4304
4988
4270
4305
4989
4271
4306
4990
4272
4307
4991
4273
4308
4992
4274
4309
4993
4275
4310
4994
4276
4311
4995
4277
4312
4996
4278
4313
4997
4279
4314
4998
4280
4315
4999
4281
4316
5000
4282
4317
5001
4283
4318
5002
4319
5003
4285
5004
4286
5005
4287
5006
4288
5007
4289
5008
4290
5009
4291
5010
4292
5011
4293
5012
4294
5013
4295
5014
4296
5015
4297
5016
4298
5017
4299
5018
4300
5019
4301
5020
4302
5021
4303
5022
4304
5023
4305
5024
4306
5025
4307
5026
4308
5027
4309
5028
4310
5029
4311
5030
4312
5031
4313
5032
4314
5033
4315
5034
4316
5035
4317
5036
4318
5037
4319
5038
5039
4321
4356
4322
4357
4323
4358
4324
4359
4325
4360
4326
4361
4327
4362
4328
4363
4329
4364
4330
4365
4331
4366
4332
4367
4333
4368
4334
4369
4335
4370
4336
4371
4337
4372
4338
4373
4339
4374
4340
4375
4341
4376
4342
4377
4343
4378
4344
4379
4345
4380
4346
4381
4347
4382
4348
4383
4349
4384
4350
4385
4351
4386
4352
4387
4353
4388
4354
4389
4355
4390
4391
4357
4392
4358
4393
4359
4394
4360
4395
4361
4396
4362
4397
4363
4398
4364
4399
4365
4400
4366
4401
4367
4402
4368
4403
4369
4404
4370
4405
4371
4406
4372
4407
4373
4408
4374
4409
4375
4410
4376
4411
4377
4412
4378
4413
4379
4414
4380
4415
4381
4416
4382
4417
4383
4418
4384
4419
4385
4420
4386
4421
4387
4422
4388
4423
4389
4424
4390
4425
4391
4426
4427
4393
4428
4394
4429
4395
4430
4396
4431
4397
4432
4398
4433
4399
4434
4400
4435
4401
4436
4402
4437
4403
4438
4404
4439
4405
4440
4406
4441
4407
4442
4408
4443
4409
4444
4410
4445
4411
4446
4412
4447
4413
4448
4414
4449
4415
4450
4416
4451
4417
4452
4418
4453
4419
4454
4420
4455
4421
4456
4422
4457
4423
4458
4424
4459
4425
4460
4426
4461
4427
4462
4463
4429
4464
4430
4465
4431
4466
4432
4467
4433
4468
4434
4469
4435
4470
4436
4471
4437
4472
4438
4473
4439
4474
4440
4475
4441
4476
4442
4477
4443
4478
4444
4479
4445
4480
4446
4481
4447
4482
4448
4483
4449
4484
4450
4485
4451
4486
4452
4487
4453
4488
4454
4489
4455
4490
4456
4491
4457
4492
4458
4493
4459
4494
4460
4495
4461
4496
4462
4497
4463
4498
4499
4465
4500
4466
4501
4467
4502
4468
4503
4469
4504
4470
4505
4471
4506
4472
4507
4473
4508
4474
4509
4475
4510
4476
4511
4477
4512
4478
4513
4479
4514
4480
4515
4481
4516
4482
4517
4483
4518
4484
4519
4485
4520
4486
4521
4487
4522
4488
4523
4489
4524
4490
4525
4491
4526
4492
4527
4493
4528
4494
4529
4495
4530
4496
4531
4497
4532
4498
4533
4499
4534
4535
4501
4536
4502
4537
4503
4538
4504
4539
4505
4540
4506
4541
4507
4542
4508
4543
4509
4544
4510
4545
4511
4546
4512
4547
4513
4548
4514
4549
4515
4550
4516
4551
4517
4552
4518
4553
4519
4554
4520
4555
4521
4556
4522
4557
4523
4558
4524
4559
4525
4560
4526
4561
4527
4562
4528
4563
4529
4564
4530
4565
4531
4566
4532
4567
4533
4568
4534
4569
4535
4570
4571
4537
4572
4538
4573
4539
4574
4540
4575
4541
4576
4542
4577
4543
4578
4544
4579
4545
4580
4546
4581
4547
4582
4548
4583
4549
4584
4550
4585
4551
4586
4552
4587
4553
4588
4554
4589
4555
4590
4556
4591
4557
4592
4558
4593
4559
4594
4560
4595
4561
4596
4562
4597
4563
4598
4564
4599
4565
4600
4566
4601
4567
4602
4568
4603
4569
4604
4570
4605
4571
4606
4607
4573
4608
4574
4609
4575
4610
4576
4611
4577
4612
4578
4613
4579
4614
4580
4615
4581
4616
4582
4617
4583
4618
4584
4619
4585
4620
4586
4621
4587
4622
4588
4623
4589
4624
4590
4625
4591
4626
4592
4627
4593
4628
4594
4629
4595
4630
4596
4631
4597
4632
4598
4633
4599
4634
4600
4635
4601
4636
4602
4637
4603
4638
4604
4639
4605
4640
4606
4641
4607
4642
4643
4609
4644
4610
4645
4611
4646
4612
4647
4613
4648
4614
4649
4615
4650
4616
4651
4617
4652
4618
4653
4619
4654
4620
4655
4621
4656
4622
4657
4623
4658
4624
4659
4625
4660
4626
4661
4627
4662
4628
4663
4629
4664
4630
4665
4631
4666
4632
4667
4633
4668
4634
4669
4635
4670
4636
4671
4637
4672
4638
4673
4639
4674
4640
4675
4641
4676
4642
4677
4643
4678
4679
4645
4680
4646
4681
4647
4682
4648
4683
4649
4684
4650
4685
4651
4686
4652
4687
4653
4688
4654
4689
4655
4690
4656
4691
4657
4692
4658
4693
4659
4694
4660
4695
4661
4696
4662
4697
4663
4698
4664
4699
4665
4700
4666
4701
4667
4702
4668
4703
4669
4704
4670
4705
4671
4706
4672
4707
4673
4708
4674
4709
4675
4710
4676
4711
4677
4712
4678
4713
4679
4714
4715
4681
4716
4682
4717
4683
4718
4684
4719
4685
4720
4686
4721
4687
4722
4688
4723
4689
4724
4690
4725
4691
4726
4692
4727
4693
4728
4694
4729
4695
4730
4696
4731
4697
4732
4698
4733
4699
4734
4700
4735
4701
4736
4702
4737
4703
4738
4704
4739
4705
4740
4706
4741
4707
4742
4708
4743
4709
4744
4710
4745
4711
4746
4712
4747
4713
4748
4714
4749
4715
4750
4751
4717
4752
4718
4753
4719
4754
4720
4755
4721
4756
4722
4757
4723
4758
4724
4759
4725
4760
4726
4761
4727
4762
4728
4763
4729
4764
4730
4765
4731
4766
4732
4767
4733
4768
4734
4769
4735
4770
4736
4771
4737
4772
4738
4773
4739
4774
4740
4775
4741
4776
4742
4777
4743
4778
4744
4779
4745
4780
4746
4781
4747
4782
4748
4783
4749
4784
4750
4785
4751
4786
4787
4753
4788
4754
4789
4755
4790
4756
4791
4757
4792
4758
4793
4759
4794
4760
4795
4761
4796
4762
4797
4763
4798
4764
4799
4765
4800
4766
4801
4767
4802
4768
4803
4769
4804
4770
4805
4771
4806
4772
4807
4773
4808
4774
4809
4775
4810
4776
4811
4777
4812
4778
4813
4779
4814
4780
4815
4781
4816
4782
4817
4783
4818
4784
4819
4785
4820
4786
4821
4787
4822
4823
4789
4824
4790
4825
4791
4826
4792
4827
4793
4828
4794
4829
4795
4830
4796
4831
4797
4832
4798
4833
4799
4834
4800
4835
4801
4836
4802
4837
4803
4838
4804
4839
4805
4840
4806
4841
4807
4842
4808
4843
4809
4844
4810
4845
4811
4846
4812
4847
4813
4848
4814
4849
4815
4850
4816
4851
4817
4852
4818
4853
4819
4854
4820
4855
4821
4856
4822
4857
4823
4858
4859
4825
4860
4826
4861
4827
4862
4828
4863
4829
4864
4830
4865
4831
4866
4832
4867
4833
4868
4834
4869
4835
4870
4836
4871
4837
4872
4838
4873
4839
4874
4840
4875
4841
4876
4842
4877
4843
4878
4844
4879
4845
4880
4846
4881
4847
4882
4848
4883
4849
4884
4850
4885
4851
4886
4852
4887
4853
4888
4854
4889
4855
4890
4856
4891
4857
4892
4858
4893
4859
4894
4895
4861
4896
4862
4897
4863
4898
4864
4899
4865
4900
4866
4901
4867
4902
4868
4903
4869
4904
4870
4905
4871
4906
4872
4907
4873
4908
4874
4909
4875
4910
4876
4911
4877
4912
4878
4913
4879
4914
4880
4915
4881
4916
4882
4917
4883
4918
4884
4919
4885
4920
4886
4921
4887
4922
4888
4923
4889
4924
4890
4925
4891
4926
4892
4927
4893
4928
4894
4929
4895
4930
4931
4897
4932
4898
4933
4899
4934
4900
4935
4901
4936
4902
4937
4903
4938
4904
4939
4905
4940
4906
4941
4907
4942
4908
4943
4909
4944
4910
4945
4911
4946
4912
4947
4913
4948
4914
4949
4915
4950
4916
4951
4917
4952
4918
4953
4919
4954
4920
4955
4921
4956
4922
4957
4923
4958
4924
4959
4925
4960
4926
4961
4927
4962
4928
4963
4929
4964
4930
4965
4931
4966
4967
4933
4968
4934
4969
4935
4970
4936
4971
4937
4972
4938
4973
4939
4974
4940
4975
4941
4976
4942
4977
4943
4978
4944
4979
4945
4980
4946
4981
4947
4982
4948
4983
4949
4984
4950
4985
4951
4986
4952
4987
4953
4988
4954
4989
4955
4990
4956
4991
4957
4992
4958
4993
4959
4994
4960
4995
4961
4996
4962
4997
4963
4998
4964
4999
4965
5000
4966
5001
4967
5002
5003
4969
5004
4970
5005
4971
5006
4972
5007
4973
5008
4974
5009
4975
5010
4976
5011
4977
5012
4978
5013
4979
5014
4980
5015
4981
5016
4982
5017
4983
5018
4984
5019
4985
5020
4986
5021
4987
5022
4988
5023
4989
5024
4990
5025
4991
5026
4992
5027
4993
5028
4994
5029
4995
5030
4996
5031
4997
5032
4998
5033
4999
5034
5000
5035
5001
5036
5002
5037
5003
5038
5039
5005
5006
5007
5008
5009
5010
5011
5012
5013
5014
5015
5016
5017
5018
5019
5020
5021
5022
5023
5024
5025
5026
5027
5028
5029
5030
5031
5032
5033
5034
5035
5036
5037
5038
5039
)


// ************************************************************************* //
